20
1 0 1 1 0 0 0 1 0 0 0 0 0 0 0 0 0 0 0 0
1 5 6 0 0 1 1 1 0 0 0 0 0 0 0 0 0 0 0 0
9 0 7 5 1 1 0 0 1 0 0 0 0 0 0 0 0 0 0 0
1 0 0 6 0 1 1 1 1 0 0 0 0 0 0 0 0 0 0 0
1 0 0 1 0 0 0 0 0 0 0 0 0 0 0 0 0 0 0 0
1 0 1 1 0 0 0 0 0 0 0 0 0 0 0 0 0 0 0 0
1 0 1 0 0 0 0 0 0 0 0 0 0 0 0 0 0 0 0 0
1 0 1 0 0 0 0 0 0 0 0 0 0 0 0 0 0 0 0 0
1 0 1 2 1 1 4 6 1 1 1 1 1 1 0 0 0 0 0 0
1 0 0 0 1 0 0 0 0 0 0 0 0 1 1 1 1 1 1 1
1 0 0 0 3 0 0 0 0 1 9 9 9 9 0 0 0 0 0 1
1 0 0 1 1 0 0 0 0 1 0 0 0 0 0 0 0 0 0 1
1 1 1 9 0 0 0 0 0 1 1 1 1 1 1 1 1 1 0 1
1 1 0 0 0 0 0 0 0 0 0 0 0 0 0 0 0 1 0 1
1 1 0 0 0 0 0 0 0 0 0 0 0 0 0 0 0 1 0 1
1 0 0 0 0 0 0 0 0 0 0 0 0 0 0 0 0 1 0 1
1 0 0 0 0 0 0 1 1 1 1 0 0 0 0 0 0 1 0 1
1 0 0 0 0 0 0 1 1 0 1 1 0 0 0 0 0 1 1 0
1 0 0 0 0 0 0 1 1 0 0 1 1 1 1 1 0 0 1 1
1 1 1 1 1 1 1 1 1 1 1 1 0 0 0 1 1 1 1 1
0 0
19 19